   4.1520131e+00
  -5.1659515e-01
   3.2872357e+00
  -1.0079117e+00
  -1.1255172e+01
  -2.3900631e+00
   5.8820216e-01
   5.0213824e+00
  -8.3304275e+00
  -5.3253565e+00
   1.0010925e+01
  -7.4793115e-01
  -6.4897833e-01
  -1.5325094e+00
   1.1428082e+00
  -6.6264248e-01
  -6.4080671e+00
   7.1501692e+00
   2.3181975e+00
  -1.6019021e+00
  -2.8360546e+00
  -9.4602766e-01
  -4.8943898e+00
  -4.8201306e+00
   8.9017095e+00
   4.9510437e+00
  -6.9494967e+00
   1.0929366e+01
   3.6816534e+00
   2.4468312e+00
  -7.6989914e+00
   6.5721956e+00
   5.7312767e-01
  -9.7420624e+00
   5.4313619e+00
   8.1734208e+00
   1.2159728e+00
  -6.6092021e+00
   2.0627937e+00
  -3.5225917e+00
  -4.7170513e+00
   1.8313945e+00
  -4.3001483e+00
  -4.7882747e+00
   3.6960446e+00
   6.8203200e-01
  -3.2793304e+00
   5.7591947e+00
  -8.4025258e+00
  -4.7320963e+00
  -1.3224457e+01
  -2.9031316e+00
   5.0328357e+00
  -7.1037065e+00
   1.7612311e+00
  -3.5785930e+00
   5.1938465e+00
   2.9936344e-01
  -7.2542161e+00
   4.8560819e+00
   3.3965793e+00
  -4.3349730e+00
   2.7477215e+00
   2.4352290e+00
   2.3735040e+00
   1.7693491e+00
  -1.2625079e+01
  -1.2311927e+00
   6.9623084e+00
   3.4200519e+00
   7.8768267e+00
   1.2194119e+01
   9.3801337e-01
  -8.4070266e-01
   9.0740467e+00
   1.8651766e+00
  -4.1020887e+00
  -5.0409078e-01
   5.6580988e-01
  -5.5776251e+00
  -5.9778137e-01
  -6.0692915e+00
   1.2187470e+00
   6.0413503e+00
   2.4260225e+00
  -4.9438060e+00
   3.8956070e+00
   3.6637812e+00
  -5.7549319e+00
   3.3682691e+00
  -1.2482437e+01
   6.2387711e+00
   2.7442924e+00
  -9.4566073e+00
  -4.5818950e+00
  -7.2028296e+00
  -3.1140988e+00
   1.0995598e+01
   5.8505926e+00
   7.5308388e+00
   1.0098464e+01
   1.4750907e+00
   1.9951834e+00
  -4.2172991e-02
   1.6473367e+01
   2.4944817e+00
  -3.3694161e+00
  -6.9001476e+00
   3.4385444e+00
   2.9781539e-01
   4.8458279e-01
   9.3407157e+00
   2.2051000e+00
   1.0862344e+01
  -3.4106143e-01
  -7.2381321e+00
  -4.3975502e+00
   2.1549384e+00
   1.0337860e+01
   8.6245641e+00
   8.4146282e-01
  -5.0374717e+00
  -3.9889925e+00
   5.9591345e+00
  -4.8960878e+00
  -8.7682680e-01
  -2.9762233e+00
  -1.4429178e+00
   5.4263906e+00
  -8.0425078e+00
  -7.9297273e+00
   1.1959258e+01
   5.6519533e+00
   8.0222294e+00
  -5.0639294e+00
  -5.4878166e+00
   4.8671177e+00
   1.1583858e+00
   1.8982318e+00
   7.7216224e+00
   1.1068311e-01
   8.6285183e+00
   4.0889098e+00
   3.1517152e+00
   3.0069081e+00
  -4.1451656e+00
   9.5162149e+00
   5.8883894e+00
   3.9074773e+00
  -4.4632744e+00
  -9.9798057e+00
  -2.1201526e+00
   2.6484743e+00
  -2.2692138e+00
  -5.5826101e+00
   6.4225273e+00
   1.4228408e+01
   9.2942827e+00
  -8.4009231e-02
   6.7352181e+00
   9.4356878e-01
   8.4259485e+00
  -4.1873601e+00
   3.2143899e+00
   5.9388299e+00
   2.3246359e+00
  -7.7302527e+00
   8.3108208e+00
  -1.5047163e+00
  -3.6914590e+00
  -4.8006850e-01
  -3.0716213e+00
   1.5077165e+00
   8.0479251e+00
   6.8902898e+00
   5.0607942e+00
   3.1989652e-01
   1.5365273e-01
   6.1896331e-01
   1.2312584e+01
   9.4665231e+00
  -9.9140159e+00
  -3.1393474e+00
  -1.3014725e+00
   5.9128706e+00
   3.1767864e+00
  -2.0304725e+00
  -2.5264488e+00
  -4.7160431e+00
  -6.9650279e-01
   9.9536055e+00
   8.8438062e+00
   9.7586120e-01
   5.0885032e+00
   5.4324580e+00
  -5.0525376e+00
  -5.2783572e+00
  -6.7652052e+00
   4.6614432e+00
  -1.9999900e+00
   3.5758277e+00
   1.0669629e+01
   7.0471951e+00
  -2.6683530e+00
  -9.2204700e+00
   5.2691118e+00
   2.4569785e+00
   7.8039028e-01
   6.2379311e+00
   1.5886776e+00
   6.6925858e+00
   5.2454612e+00
  -4.8278264e+00
  -7.4361351e+00
  -7.6309220e+00
   7.7217299e+00
  -3.6547559e-01
   2.4286371e+00
  -3.2194430e+00
   4.6938348e+00
   2.5953699e+00
   1.6731384e+00
   2.7690752e+00
  -3.8490334e+00
   7.6319977e+00
  -1.4725900e+00
   1.0323517e+01
   4.0953024e+00
  -5.6081844e-01
   4.5927544e+00
  -1.6382399e+00
  -2.5474834e+00
   8.1113400e+00
  -2.6409384e+00
   4.1951997e+00
   7.1371310e+00
  -6.8818129e+00
  -3.0749326e+00
   9.9551000e+00
   1.5278212e-01
  -1.0507663e+00
  -2.0838802e+00
   3.0982971e+00
  -7.2686206e+00
  -4.2080746e+00
   1.6380180e+01
   7.7577448e+00
  -1.1633982e+00
  -3.6169123e+00
  -1.6922625e+00
   1.3901880e+00
   1.1762228e+00
  -3.2213240e+00
  -2.6002706e+00
  -7.3617081e+00
  -7.5854792e-01
   7.8450990e+00
  -4.2556205e+00
  -1.4244406e+00
  -4.9983154e+00
   4.2760143e+00
   8.6009453e-01
   6.3745764e+00
  -7.9546445e+00
   5.9290954e+00
  -2.6730041e+00
   4.8909142e+00
  -1.7333538e+00
   6.6960923e+00
  -7.7802251e-01
   3.6505112e+00
  -3.8158047e+00
   6.5101368e+00
   1.6617753e+00
   3.9851067e+00
  -7.3304011e+00
  -1.5008215e+00
   8.3466187e-01
   5.5090174e-01
   1.2841049e+01
   1.1504881e+00
   2.2645741e-02
  -6.0022416e+00
  -2.1411863e+00
   7.5019740e+00
   3.4190829e-01
   1.6353821e+00
   2.2132857e+00
   2.8640244e+00
   1.3160630e+01
   5.9419889e+00
   2.1143793e+00
   2.2387657e+00
   2.0409804e+00
   3.7582309e+00
   5.3756601e+00
   2.5823447e+00
  -4.7307807e+00
   1.0929993e+01
   5.3724667e+00
   1.4069951e+00
  -1.0430202e+01
   2.9873097e+00
   2.0455118e+00
   3.0589896e+00
  -9.9764069e+00
  -2.6276827e+00
   3.7618289e+00
   4.1475607e+00
   9.5383704e+00
  -6.6259953e-01
  -4.0707359e+00
  -9.8372539e-02
  -8.3270081e+00
   3.5198325e+00
  -4.3745873e+00
   3.3377515e+00
  -4.5838384e+00
  -1.7304531e+00
   4.0460084e+00
   1.5563265e+00
  -8.7078455e-02
   1.6929005e+00
  -7.4922449e+00
  -6.9401798e+00
  -2.4146070e+00
   3.0506941e-01
  -3.4330563e+00
  -7.9650308e+00
   5.0316269e+00
  -7.8869733e+00
  -5.1293986e+00
  -2.8849130e+00
   5.2017574e+00
  -9.9637486e+00
  -8.9118953e+00
  -7.3948202e+00
  -2.4705310e+00
   5.1692589e+00
  -1.1887417e+01
   5.0154350e+00
  -4.1409625e+00
   2.0520098e+00
  -1.0627212e+01
  -4.9070294e+00
   2.7236333e-02
  -3.2691142e+00
   8.8581380e+00
  -1.5923362e+01
   2.4475708e+00
  -3.0138115e+00
   3.4173123e+00
   4.4692853e+00
  -8.0983267e+00
  -2.6856430e+00
  -2.3356534e+00
   3.2718448e+00
  -6.0181518e+00
   1.0720201e+01
   9.1797604e-02
   1.7687248e+00
   5.8088535e-01
  -1.3957399e+00
  -2.4764752e+00
  -4.3623511e+00
  -4.0213395e+00
   1.0372019e+00
   6.6043385e+00
  -1.1571324e+01
  -7.7201288e-01
  -1.4182705e+00
  -7.7662264e+00
  -7.3773079e+00
  -4.8977478e-01
  -1.7450120e+00
  -2.2975821e+00
   2.7576204e+00
   1.6570703e+00
  -1.2979021e+00
  -3.9004709e+00
  -5.0250103e+00
  -9.5039161e-01
  -2.3665543e+00
  -2.5088218e+00
  -1.7506125e+00
  -5.6941075e+00
  -4.8486672e+00
  -5.3484932e+00
   4.1609781e-01
   6.9152478e+00
   1.0024429e+01
   3.4328636e+00
  -1.1002672e+01
  -7.3622267e+00
   1.9579551e+00
  -4.0181549e+00
   4.1580422e+00
   1.4340446e+00
   4.8967134e+00
   1.1984528e+00
   8.1847940e+00
  -6.2398147e+00
   7.5815075e+00
  -2.0435941e+00
   8.5807576e+00
  -7.8054502e+00
   4.1191713e+00
  -5.4725289e+00
  -7.2911127e+00
  -3.5657327e+00
  -3.9396360e+00
  -2.2729493e+00
   4.3511171e+00
  -1.1157261e+00
   4.8684566e+00
   6.5038405e+00
  -3.2236471e+00
   5.8072378e+00
  -8.0339665e+00
  -7.3112070e+00
  -1.5254205e+01
  -1.4525391e+00
   7.8616061e+00
   4.0534335e+00
  -1.6804742e-01
  -2.5133893e+00
   4.4289418e+00
  -3.6511196e+00
  -3.4631660e+00
   1.0173748e+01
  -6.3524501e+00
   7.2273257e+00
  -3.4541170e+00
  -9.5608997e+00
   8.3876238e+00
   8.3300382e+00
  -1.6707319e+01
   9.3605682e+00
  -7.5565756e+00
  -4.7104129e+00
  -4.8726439e+00
   2.4562546e+00
  -2.7208385e+00
  -6.5872492e+00
   1.3901834e+00
   1.4489345e+00
  -5.3825285e+00
   1.0759228e+00
   6.2287164e+00
   8.8755336e+00
  -6.6451759e+00
   3.6394966e+00
  -5.2925306e-01
  -1.9704881e+00
   4.5775041e+00
   4.5327620e-01
  -4.3688400e+00
  -5.4088378e+00
  -6.8388242e+00
  -5.1569505e+00
  -2.5312425e+00
   1.0821420e+01
  -8.6880814e-01
  -8.9121580e-01
   1.2500974e+00
  -9.0233901e+00
  -4.5819148e+00
  -2.1736160e+00
   1.2379070e+01
  -9.1281668e+00
   6.2550392e+00
   2.8805436e-02
  -5.2096063e+00
  -4.4732188e+00
   2.2010331e+00
  -1.2367217e+01
  -1.1812267e+01
  -6.6981251e+00
  -1.4383384e+01
  -1.4033163e+01
   3.7786740e+00
   4.4113428e+00
   1.0294233e+00
  -4.1215451e+00
  -6.8978062e+00
  -9.7451001e+00
  -3.8245648e+00
   1.4758922e+00
  -3.4978680e+00
   5.9955869e+00
  -5.2782096e-01
  -2.7809508e+00
  -2.7573410e+00
   1.7898946e+00
   9.3924309e+00
   3.1645470e+00
   4.7330018e+00
  -1.2898213e+01
   9.3425139e+00
   2.3858147e+00
   4.6040176e+00
  -1.0548092e+01
   6.8369412e+00
  -8.0823199e+00
   9.1844521e+00
  -3.5891505e+00
   3.8720394e+00
  -6.7157336e+00
   1.3289200e+00
  -5.2133080e+00
  -7.8802214e+00
   7.5087697e+00
   6.1100747e+00
  -2.5098095e+00
  -4.7280447e+00
  -2.5154606e+00
  -1.2187392e+00
  -1.7243848e+00
  -1.2586000e+01
  -4.5682621e+00
   1.1055191e+00
  -5.7358347e+00
  -9.2466394e+00
  -6.2263663e+00
   1.0123825e+00
  -2.4577869e+00
  -6.4991284e+00
   9.8769675e+00
   8.0926808e+00
   1.8338000e+00
  -2.7115286e+00
   1.7749735e+00
   4.3628383e+00
  -2.3963261e+00
  -7.2055962e+00
   8.2496015e-01
   1.0417039e+01
  -2.9773060e+00
  -4.4087167e+00
  -5.1298801e+00
   1.1932531e+01
  -1.5370148e-01
  -8.0788775e+00
  -1.9164855e+00
   8.4093364e+00
   6.2305262e+00
  -1.3657760e-01
   5.5755583e+00
   2.2235451e+00
  -5.5812062e+00
   5.3742532e+00
  -8.5882609e+00
   7.8573584e+00
   3.6516450e+00
   3.4672107e+00
  -5.3343388e+00
  -1.3838704e+00
   2.7096704e+00
   1.3981547e+01
  -2.5625669e+00
  -5.8023105e+00
   7.2720900e+00
  -7.1659934e+00
  -1.1058666e+01
   4.9004238e+00
  -7.6992474e-01
  -7.4784437e-01
   4.1641789e+00
  -5.6548891e+00
  -1.6369533e+01
   7.8202914e+00
   1.5982942e+00
   4.1386564e+00
   6.9302418e+00
   5.8645282e-01
  -1.3964095e+00
  -8.5061220e+00
  -3.0663979e+00
  -6.0881969e+00
  -1.0949831e+01
   2.2474635e+00
   1.1040148e+01
   6.8797996e+00
  -1.1700398e+01
   1.0089129e+01
  -5.7110137e+00
   3.8284238e+00
  -4.6909441e+00
   5.6962679e+00
   4.1904228e-01
  -1.4167014e-01
  -7.4802057e-01
  -2.4642496e+00
  -3.6101874e+00
  -1.6315996e+00
   3.0239858e+00
  -8.8185244e+00
  -3.1876409e+00
   2.3141398e+00
   8.0027159e-03
   1.0636191e+01
  -3.5587116e+00
  -3.6420343e+00
   1.0372622e+01
   6.8363939e+00
   4.4754492e+00
  -9.7611902e+00
  -1.9046293e+00
   2.9210161e+00
   5.3553930e+00
  -2.3081894e+00
   1.6060287e+00
   3.0515212e+00
   4.0848822e+00
   1.2587916e+00
  -2.4737809e-01
   2.1164255e+00
   5.7973622e+00
  -8.6618272e-01
   1.7506365e+00
   5.8687308e+00
  -6.1005378e+00
  -1.2073568e+00
   5.9295142e-02
  -2.4719166e+00
  -9.5865565e-01
   1.4910008e+00
   2.8908972e+00
  -2.6699418e+00
  -8.3058401e+00
   1.4494188e+00
   9.6246544e-01
  -1.4731013e+00
   9.2128048e+00
  -1.3066747e-01
  -3.2801546e-01
   1.1031530e+01
  -3.4552796e+00
  -2.7105659e+00
   5.9856235e+00
   4.2088371e+00
   4.8736499e+00
   1.6548238e+00
   1.4701850e+01
  -4.0531270e+00
   5.4593707e+00
  -1.7739325e+00
  -5.7182949e+00
  -4.3246331e+00
   1.3474282e+01
  -2.2329979e+00
   5.2661170e+00
  -4.8258245e+00
   3.3581553e+00
   1.8570034e+00
   2.3954502e+00
   3.4754054e+00
  -5.3662089e+00
  -6.5718434e+00
   2.5802641e+00
   2.6556577e-01
   1.9070987e+00
   8.3809512e+00
  -2.4052140e+00
  -1.3542168e+00
   6.2935840e+00
  -3.5174107e+00
   2.5332520e+00
   3.1786455e+00
  -7.5031782e+00
   1.7630020e+00
   1.0271039e+01
  -9.7215677e+00
  -4.2757383e+00
  -7.1970637e+00
  -1.7577064e+00
  -8.1470214e+00
  -5.5594244e-01
   1.9417501e+00
  -1.1328178e+00
   3.2027820e-01
  -7.0375916e+00
   2.4461456e+00
  -1.4180216e+00
   8.3100513e+00
   2.2475279e+00
  -5.0675128e+00
   5.8703742e+00
   7.2313509e+00
   1.5469756e+00
   6.6848033e-01
  -6.1482050e-01
  -1.1844228e+01
  -8.7261080e-01
   2.8675984e+00
  -2.4283643e+00
  -4.3160049e+00
  -7.3949781e+00
  -7.5803818e+00
  -6.6114329e+00
  -4.6991684e+00
   1.9472877e+00
   1.2555772e+01
   8.1970980e+00
   8.6272379e+00
   7.2598558e+00
   4.8136613e+00
   7.2660215e+00
  -2.4982351e+00
  -1.4590473e+00
   5.4949306e+00
  -2.4038208e+00
   4.2083284e+00
   4.9277912e+00
  -8.1147627e-01
   4.7509202e+00
  -5.8783918e+00
  -4.1761336e+00
  -1.0558581e+01
   1.3746452e+00
  -2.2278907e+00
   3.6174871e+00
  -2.2209208e+00
  -1.6483999e+00
   4.6232451e+00
   8.0676412e+00
   5.1611637e+00
  -3.6801684e+00
   2.7236778e+00
  -2.2481445e+00
  -2.7506535e+00
  -3.2779313e+00
  -1.5074198e+00
   7.8534484e+00
  -2.2202914e+00
  -2.2200210e+00
   4.8286533e+00
   5.4666945e+00
  -1.1698425e+00
  -9.6196016e-01
   6.8905911e+00
   3.2083071e+00
  -1.0129535e+00
  -2.0816418e+00
   7.8657841e+00
  -1.5018268e+00
  -1.5118937e+01
   3.8164608e+00
  -4.4456274e+00
  -7.2847220e+00
  -5.3108542e+00
  -7.5414442e+00
   5.0344865e+00
  -1.8057294e+00
  -1.5260376e+01
   1.1660954e+01
  -2.0649121e+00
  -2.7758320e+00
   3.1350485e+00
   4.0697323e+00
   3.2428618e+00
  -8.8500332e+00
   4.7754587e+00
  -5.1349861e+00
   3.8851099e+00
   7.0363727e+00
   9.5157463e+00
   5.0557582e+00
   7.4303861e+00
   7.5343594e-01
   8.6764232e+00
  -6.8658921e+00
  -6.2995180e+00
   3.4637351e+00
  -1.1476882e+01
   2.6953848e+00
   8.9657206e+00
  -3.0023300e+00
   1.2897280e+00
  -1.6871130e+00
  -2.7574931e+00
   3.6622070e+00
   3.6116137e+00
  -2.8799779e+00
  -1.1820498e+00
  -5.6264365e+00
  -2.3884087e+00
  -4.8742333e-02
   4.0065631e+00
  -1.1481975e+01
   1.1970559e+01
   9.9750626e+00
   5.4691787e+00
  -2.5658254e+00
   4.3802341e+00
   5.6698536e+00
   7.9099965e+00
  -2.1046541e+00
  -1.0217568e+00
   1.2047469e+01
   3.0040569e+00
  -9.9825853e+00
   4.0475916e+00
   3.4301517e+00
   4.6751974e+00
   1.3943788e-02
   4.6856952e+00
   6.4580499e-01
   6.6589247e+00
   1.9079001e+00
   1.4912563e+00
   6.2295670e-01
  -4.6615867e+00
   1.3913811e+01
   1.9755631e+00
   1.9012612e+00
  -2.0139018e+00
  -7.1901633e-02
   3.6214757e+00
   2.7881894e+00
  -4.0575036e+00
   1.4635461e-01
  -9.4987034e+00
  -6.3992840e+00
  -1.8902603e+00
   1.8695494e+00
   5.2832275e+00
   1.2439991e+01
  -3.9867401e+00
  -1.5016983e+01
   9.0603717e+00
   5.1239342e+00
   6.5694209e+00
   5.2146599e+00
   6.7449093e+00
  -2.5086393e+00
  -2.6278014e+00
  -8.0235414e-01
  -5.5573708e+00
  -9.4289091e-01
   6.6976008e+00
  -4.2323616e-01
   3.8926195e+00
  -4.0323796e-01
  -6.4911320e+00
   5.8355365e+00
  -2.8800218e+00
  -6.4498631e+00
  -6.3125720e+00
   3.1226815e+00
  -6.3572571e+00
   6.8877370e+00
  -7.9282195e-02
  -5.7748001e-01
   2.8763825e-01
   5.1348081e+00
  -5.6500974e+00
  -9.5914999e-02
   8.0726715e+00
   2.3058181e+00
   3.5789372e-01
   8.9023748e-01
  -6.6556574e+00
  -7.8952559e-01
   4.0052888e+00
   9.0241166e+00
  -2.6297559e+00
  -4.2386794e+00
  -4.0498072e+00
  -2.9202218e-03
   6.3595924e+00
   2.1608545e+00
   3.8346426e+00
  -7.4434338e+00
  -1.2279642e+00
   6.4937290e+00
  -3.3302445e+00
   8.8626690e-01
  -6.0302498e+00
  -7.7223604e+00
   6.6692526e-02
  -1.5270992e+00
   1.0105579e+01
   2.7096509e+00
  -1.4601871e+00
  -3.4241930e+00
   1.1717558e+00
   6.2368493e-01
   7.6977573e+00
   8.8769947e+00
   2.0371933e+00
   6.6089375e+00
  -2.3566786e+00
   4.9095672e+00
  -1.1201210e+00
  -8.4365978e+00
  -3.5468816e+00
   5.1109223e+00
   5.1243225e+00
   2.5930157e+00
  -5.7930015e+00
   4.6950800e+00
  -2.4080143e+00
   1.0989525e+00
  -4.9310096e+00
   2.4142926e+00
   4.2724784e+00
   1.6720923e+00
   1.8698440e+00
   8.9883079e+00
  -3.2200169e-01
  -6.3857995e+00
   2.6638995e+00
   9.3294091e+00
   7.5469533e+00
   1.2030368e+01
  -2.4684558e+00
  -5.4783424e+00
   2.4447146e+00
   3.7900691e+00
  -8.9466106e+00
   2.1977656e+00
   3.9569767e+00
   3.4056916e+00
   1.8738718e+00
  -1.1039095e+00
   5.3149338e+00
  -2.7339989e+00
   2.8143124e+00
  -1.2065552e+00
  -1.2901517e+00
  -2.3170304e+00
  -5.4386685e+00
   5.4912762e+00
  -4.8259675e+00
  -3.6365365e+00
  -8.8095618e+00
  -4.5201418e+00
  -3.0620211e+00
   2.4242401e+00
  -2.2799317e+00
   9.3055672e+00
   3.7102675e+00
  -8.2891714e+00
   7.4352293e+00
  -7.6803136e+00
   2.2447166e+00
   2.2187812e+00
   5.5913634e+00
  -2.5823427e+00
  -6.1786031e+00
  -3.3957284e+00
  -5.4987528e-01
  -4.1493270e+00
  -1.0757510e+00
  -1.3202373e+01
   4.7044623e-01
  -5.3450987e+00
   3.4684923e-01
  -7.2474643e+00
  -1.6911631e+00
   2.8840372e+00
   4.6155693e+00
  -7.5377538e+00
  -4.3132638e+00
   2.4933014e+00
  -2.5238461e+00
  -7.2064859e-01
   8.0164397e+00
  -2.8508330e+00
  -2.2952309e+00
   7.0248815e+00
  -7.1373836e+00
  -7.7561918e+00
   2.3546219e-01
   8.6907981e+00
  -9.1687102e+00
  -9.7652549e-01
   6.1242042e+00
   1.2380349e+01
  -3.6397185e+00
  -1.0172560e+00
   6.6062276e+00
  -1.2876914e+00
   1.8327384e+00
  -3.7845366e+00
  -2.3012403e+00
  -1.3920901e+00
   4.5015899e-01
  -1.5994520e+00
   2.8587967e+00
  -4.2890338e-01
  -1.1182918e+00
  -2.9645227e+00
   9.8599848e+00
  -9.9598079e+00
  -2.4935756e-01
   3.9899108e+00
   1.4682182e+00
  -7.0979457e+00
